data_temp_4:
leslie3d: 2.9751862123%
namd: 21.8321210167%
mcf: 28.4187400753%
gcc: 1.04776119184%
hmmer: 5.20464164928%
astar: 0.0587334795224%
libquantum: 0.69285034032%
h264ref: 1.26383106478%
milc: 0.608307060149%
tonto: 3.07838563718%
bwaves: 0.334478480771%
data:
hmmer: 0.352873652809%
sphinx3: 0.405922166681%
lbm: 0.0207062916067%
bzip2: 0.0774009664877%
mcf: 3.1532529428%
h264ref: 22.3004603037%
gobmk: 1.37542864257%
data_4:
hmmer: 12.2252277822%
sphinx3: 4.76888350748%
milc: 0.0651802537179%
tonto: 7.08522227678%
bwaves: 0.0279952192779%
mcf: 30.3217300295%
gcc: 2.72791272953%
xalancbmk: 0.576361370021%
namd: 23.8818141598%
libquantum: 0.0668769701524%
data_8:
GemsFDTD: 0.999884219058%
hmmer: 13.2666579818%
sphinx3: 1.44275689323%
milc: 0.129451015524%
tonto: 8.1923665354%
sjeng: 0.00237969643006%
mcf: 14.4016494237%
xalancbmk: 5.84570005591%
libquantum: 0.135499613219%
gobmk: 2.22904682672%
data_16:
GemsFDTD: 0.911740527614%
hmmer: 1.27731052768%
sphinx3: 0.329295130697%
tonto: 3.2163861961%
wrf: 0.0160037697769%
calculix: 0.126381218866%
astar: 0.0123270149985%
povray: 0.213720802361%
mcf: 19.1283577461%
gcc: 0.23379087603%
xalancbmk: 12.2361635999%
data_64:
sphinx3: 0.0121524209994%
tonto: 1.01186739095%
wrf: 0.0131047858678%
povray: 0.0874349720919%
mcf: 0.107534919702%
gcc: 0.0267143947011%
h264ref: 0.00522041477674%
xalancbmk: 1.17901233045%
data_cons_4:
bzip2: 0.00318672864096%
leslie3d: 3.94929798324%
namd: 28.7904384942%
GemsFDTD: 4.29842520449%
xalancbmk: 3.24053625927%
mcf: 30.2822225746%
sjeng: 0.00628661461874%
gcc: 1.63876467535%
hmmer: 24.1497735205%
calculix: 1.05369892226%
astar: 0.210738962513%
libquantum: 1.71160013164%
h264ref: 4.8939995153%
milc: 0.115191739017%
povray: 6.87511726155%
tonto: 6.80270341875%
bwaves: 0.553010783472%
data_128:
mcf: 0.127560555259%
gcc: 0.0247796871973%
tonto: 0.57237699828%
